,n,#colours_used,m_degree_G,#dense_vertices,#b_chromatic_vertices,#dense_non_b_chro,#dense_b_chro,#non_dense_b_chro
0,50,12.0,25.3,2.5,31.4,0.8,1.7,29.7
1,100,21.0,50.6,5.0,49.8,1.5,3.5,46.3
2,150,28.2,75.5,8.0,73.8,3.6,4.4,69.4
3,200,35.1,100.5,10.6,110.4,3.9,6.7,103.7
4,250,42.6,125.7,13.3,124.5,5.5,7.8,116.7
5,300,47.9,150.9,15.4,152.7,5.4,10.0,142.7
6,350,55.2,175.6,18.4,174.9,9.3,9.1,165.8
7,400,61.0,200.4,21.4,188.3,10.9,10.5,177.8
8,450,66.8,225.3,23.7,215.4,10.8,12.9,202.5
9,500,74.5,250.4,25.3,238.0,11.2,14.1,223.9
10,550,77.4,275.6,27.9,270.4,13.3,14.6,255.8
11,600,84.4,300.4,31.9,278.0,17.7,14.2,263.8
12,650,91.9,325.7,33.4,303.2,13.1,20.3,282.9
13,700,96.7,350.1,36.8,330.1,18.2,18.6,311.5
14,750,101.0,375.6,38.4,360.1,17.6,20.8,339.3
15,800,107.3,400.6,41.9,371.4,17.3,24.6,346.8
16,850,111.8,425.4,43.0,369.6,22.8,20.2,349.4
17,900,118.7,450.4,46.7,415.2,23.1,23.6,391.6
18,950,124.0,474.9,48.1,426.3,22.6,25.5,400.8
19,1000,129.5,500.3,50.2,445.2,22.5,27.7,417.5
